# This file may be used to create an environment using:
# $ conda create --name <env> --file <this file>
# platform: linux-64
_libgcc_mutex=0.1=main
blas=1.0=mkl
bzip2=1.0.8=h516909a_2
ca-certificates=2020.6.20=hecda079_0
certifi=2020.6.20=py38h32f6830_0
cffi=1.14.1=pypi_0
click=7.1.2=pypi_0
cloudpickle=1.3.0=py_0
colorama=0.4.3=pypi_0
ffmpeg=4.3.1=h167e202_0
freetype=2.10.2=he06d7ca_0
future=0.18.2=py38h32f6830_1
gmp=6.2.0=he1b5a44_2
gnutls=3.6.13=h79a8f9a_0
gym=0.17.2=py38h32f6830_0
h5py=2.10.0=pypi_0
intel-openmp=2020.1=217
keyboard=0.13.5=pypi_0
lame=3.100=h14c3975_1001
ld_impl_linux-64=2.33.1=h53a641e_7
libedit=3.1.20191231=h14c3975_1
libffi=3.3=he6710b0_2
libgcc-ng=9.1.0=hdf63c60_0
libgfortran-ng=7.5.0=hdf63c60_14
libiconv=1.15=h516909a_1006
libpng=1.6.37=hed695b0_1
libstdcxx-ng=9.1.0=hdf63c60_0
mkl=2020.1=217
mkl-service=2.3.0=py38he904b0f_0
mkl_fft=1.1.0=py38h23d657b_0
mkl_random=1.1.1=py38h0573a6f_0
ncurses=6.2=he6710b0_1
nettle=3.4.1=h1bed415_1002
numpy=1.19.1=py38hbc911f0_0
numpy-base=1.19.1=py38hfa32c7d_0
openh264=2.1.1=h8b12597_0
openssl=1.1.1g=h516909a_1
pip=20.1.1=py38_1
plaidbench=0.7.0=pypi_0
plaidml=0.7.0=pypi_0
plaidml-keras=0.7.0=pypi_0
pycparser=2.20=pypi_0
pyglet=1.5.0=py38h32f6830_1
pynput=1.6.8=pypi_0
python=3.8.5=hcff3b4d_0
python-xlib=0.27=pypi_0
python_abi=3.8=1_cp38
pyyaml=5.3.1=pypi_0
readline=8.0=h7b6447c_0
scipy=1.5.2=pypi_0
setuptools=49.2.0=py38_0
six=1.15.0=py_0
sqlite=3.32.3=h62c20be_0
tk=8.6.10=hbc83047_0
wheel=0.34.2=py38_0
x264=1!152.20180806=h14c3975_0
xz=5.2.5=h7b6447c_0
zlib=1.2.11=h7b6447c_3
